691 103 0.0
690 103 0.0333666666667
690 103 0.0667333333333
690 104 0.1001
692 104 0.133466666667
691 106 0.166833333333
691 109 0.2002
691 110 0.233566666667
691 114 0.266933333333
691 117 0.3003
693 120 0.333666666667
694 122 0.367033333333
694 122 0.4004
697 123 0.433766666667
697 124 0.467133333333
698 126 0.5005
699 126 0.533866666667
700 129 0.567233333333
701 131 0.6006
704 135 0.633966666667
704 137 0.667333333333
709 140 0.7007
713 143 0.734066666667
714 146 0.767433333333
714 147 0.8008
714 152 0.834166666667
713 156 0.867533333333
713 158 0.9009
711 163 0.934266666667
711 163 0.967633333333
710 165 1.001
710 164 1.03436666667
711 161 1.06773333333
713 161 1.1011
716 159 1.13446666667
721 156 1.16783333333
724 152 1.2012
729 150 1.23456666667
737 151 1.26793333333
740 153 1.3013
741 153 1.33466666667
744 150 1.36803333333
745 151 1.4014
747 152 1.43476666667
747 151 1.46813333333
749 151 1.5015
749 151 1.53486666667
750 152 1.56823333333
749 152 1.6016
749 153 1.63496666667
750 153 1.66833333333
749 154 1.7017
750 154 1.73506666667
749 153 1.76843333333
749 154 1.8018
749 153 1.83516666667
749 153 1.86853333333
749 153 1.9019
750 153 1.93526666667
749 152 1.96863333333
750 151 2.002
749 151 2.03536666667
749 151 2.06873333333
749 152 2.1021
749 153 2.13546666667
748 153 2.16883333333
747 153 2.2022
746 154 2.23556666667
744 154 2.26893333333
744 155 2.3023
743 153 2.33566666667
743 153 2.36903333333
743 153 2.4024
743 153 2.43576666667
742 152 2.46913333333
743 152 2.5025
743 152 2.53586666667
744 152 2.56923333333
743 152 2.6026
745 153 2.63596666667
744 152 2.66933333333
745 153 2.7027
744 153 2.73606666667
745 153 2.76943333333
746 152 2.8028
746 151 2.83616666667
746 151 2.86953333333
747 153 2.9029
748 152 2.93626666667
748 152 2.96963333333
748 151 3.003
747 151 3.03636666667
747 151 3.06973333333
747 150 3.1031
748 150 3.13646666667
748 151 3.16983333333
748 150 3.2032
749 150 3.23656666667
748 150 3.26993333333
749 149 3.3033
749 149 3.33666666667
750 148 3.37003333333
750 149 3.4034
749 149 3.43676666667
749 150 3.47013333333
749 149 3.5035
749 149 3.53686666667
750 149 3.57023333333
750 149 3.6036
750 149 3.63696666667
750 149 3.67033333333
750 149 3.7037
749 150 3.73706666667
749 150 3.77043333333
749 150 3.8038
748 152 3.83716666667
748 160 3.87053333333
747 162 3.9039
747 163 3.93726666667
747 164 3.97063333333
747 165 4.004
747 165 4.03736666667
746 165 4.07073333333
746 165 4.1041
746 164 4.13746666667
746 164 4.17083333333
746 164 4.2042
747 164 4.23756666667
746 164 4.27093333333
747 164 4.3043
747 164 4.33766666667
747 164 4.37103333333
747 164 4.4044
747 163 4.43776666667
746 163 4.47113333333
746 161 4.5045
745 160 4.53786666667
745 162 4.57123333333
746 172 4.6046
745 175 4.63796666667
742 181 4.67133333333
741 185 4.7047
739 187 4.73806666667
737 189 4.77143333333
736 194 4.8048
734 207 4.83816666667
733 209 4.87153333333
731 213 4.9049
730 215 4.93826666667
729 216 4.97163333333
728 216 5.005
728 216 5.03836666667
728 217 5.07173333333
727 217 5.1051
727 216 5.13846666667
727 216 5.17183333333
727 217 5.2052
726 216 5.23856666667
726 219 5.27193333333
725 224 5.3053
725 227 5.33866666667
723 231 5.37203333333
723 233 5.4054
722 234 5.43876666667
722 234 5.47213333333
721 234 5.5055
720 235 5.53886666667
720 243 5.57223333333
719 244 5.6056
719 246 5.63896666667
719 246 5.67233333333
719 247 5.7057
719 248 5.73906666667
719 246 5.77243333333
719 246 5.8058
719 246 5.83916666667
718 247 5.87253333333
719 253 5.9059
719 255 5.93926666667
719 258 5.97263333333
718 260 6.006
718 261 6.03936666667
718 260 6.07273333333
717 260 6.1061
717 259 6.13946666667
717 259 6.17283333333
716 258 6.2062
716 262 6.23956666667
716 267 6.27293333333
715 267 6.3063
714 269 6.33966666667
713 271 6.37303333333
713 272 6.4064
713 271 6.43976666667
712 271 6.47313333333
713 271 6.5065
712 270 6.53986666667
713 269 6.57323333333
712 269 6.6066
712 273 6.63996666667
715 290 6.67333333333
714 293 6.7067
714 299 6.74006666667
712 302 6.77343333333
712 303 6.8068
710 304 6.84016666667
710 304 6.87353333333
708 305 6.9069
708 304 6.94026666667
707 304 6.97363333333
706 303 7.007
705 302 7.04036666667
704 302 7.07373333333
704 302 7.1071
702 302 7.14046666667
702 302 7.17383333333
701 303 7.2072
701 303 7.24056666667
700 303 7.27393333333
700 304 7.3073
699 304 7.34066666667
699 305 7.37403333333
698 306 7.4074
699 308 7.44076666667
699 308 7.47413333333
698 308 7.5075
698 308 7.54086666667
698 308 7.57423333333
698 309 7.6076
697 309 7.64096666667
697 309 7.67433333333
696 309 7.7077
695 309 7.74106666667
694 309 7.77443333333
695 308 7.8078
693 308 7.84116666667
693 308 7.87453333333
692 308 7.9079
692 308 7.94126666667
692 308 7.97463333333
692 309 8.008
691 308 8.04136666667
691 308 8.07473333333
691 309 8.1081
691 310 8.14146666667
691 310 8.17483333333
691 311 8.2082
691 312 8.24156666667
692 312 8.27493333333
692 312 8.3083
693 311 8.34166666667
693 309 8.37503333333
693 308 8.4084
693 308 8.44176666667
694 310 8.47513333333
698 315 8.5085
700 321 8.54186666667
702 322 8.57523333333
704 323 8.6086
706 321 8.64196666667
707 320 8.67533333333
707 318 8.7087
707 319 8.74206666667
707 318 8.77543333333
707 318 8.8088
707 318 8.84216666667
707 319 8.87553333333
706 320 8.9089
706 320 8.94226666667
706 321 8.97563333333
705 323 9.009
705 324 9.04236666667
704 326 9.07573333333
703 327 9.1091
703 328 9.14246666667
702 330 9.17583333333
701 331 9.2092
701 331 9.24256666667
701 332 9.27593333333
700 334 9.3093
700 335 9.34266666667
699 335 9.37603333333
699 335 9.4094
700 335 9.44276666667
700 335 9.47613333333
701 336 9.5095
703 337 9.54286666667
707 345 9.57623333333
709 348 9.6096
709 352 9.64296666667
709 357 9.67633333333
708 360 9.7097
707 362 9.74306666667
706 365 9.77643333333
705 367 9.8098
703 369 9.84316666667
703 371 9.87653333333
703 383 9.9099
703 387 9.94326666667
702 394 9.97663333333
701 398 10.01
699 400 10.0433666667
699 401 10.0767333333
698 403 10.1101
699 403 10.1434666667
698 404 10.1768333333
698 404 10.2102
698 406 10.2435666667
699 406 10.2769333333
698 407 10.3103
698 407 10.3436666667
698 408 10.3770333333
697 408 10.4104
697 409 10.4437666667
697 410 10.4771333333
698 411 10.5105
698 414 10.5438666667
701 418 10.5772333333
703 419 10.6106
705 420 10.6439666667
705 422 10.6773333333
705 422 10.7107
705 421 10.7440666667
705 420 10.7774333333
705 420 10.8108
704 419 10.8441666667
704 418 10.8775333333
703 416 10.9109
701 414 10.9442666667
701 413 10.9776333333
701 412 11.011
699 413 11.0443666667
699 412 11.0777333333
698 412 11.1111
698 412 11.1444666667
698 412 11.1778333333
698 411 11.2112
700 409 11.2445666667
701 407 11.2779333333
701 405 11.3113
701 405 11.3446666667
700 406 11.3780333333
701 406 11.4114
699 406 11.4447666667
700 413 11.4781333333
704 431 11.5115
703 434 11.5448666667
702 441 11.5782333333
702 446 11.6116
700 449 11.6449666667
699 451 11.6783333333
697 455 11.7117
696 458 11.7450666667
697 467 11.7784333333
696 471 11.8118
697 476 11.8451666667
698 479 11.8785333333
699 480 11.9119
700 479 11.9452666667
701 477 11.9786333333
702 477 12.012
702 477 12.0453666667
702 476 12.0787333333
703 474 12.1121
702 474 12.1454666667
708 495 12.1788333333
711 507 12.2122
715 515 12.2455666667
715 518 12.2789333333
715 522 12.3123
715 524 12.3456666667
715 527 12.3790333333
714 527 12.4124
713 529 12.4457666667
713 530 12.4791333333
714 536 12.5125
717 542 12.5458666667
717 548 12.5792333333
717 553 12.6126
716 555 12.6459666667
715 557 12.6793333333
714 559 12.7127
714 560 12.7460666667
713 561 12.7794333333
712 561 12.8128
710 562 12.8461666667
710 563 12.8795333333
713 569 12.9129
714 573 12.9462666667
715 576 12.9796333333
716 578 13.013
717 579 13.0463666667
717 581 13.0797333333
717 582 13.1131
717 583 13.1464666667
717 583 13.1798333333
716 583 13.2132
715 584 13.2465666667
715 584 13.2799333333
713 585 13.3133
714 585 13.3466666667
713 586 13.3800333333
713 587 13.4134
712 586 13.4467666667
712 587 13.4801333333
711 587 13.5135
713 587 13.5468666667
712 586 13.5802333333
712 587 13.6136
711 587 13.6469666667
710 587 13.6803333333
709 586 13.7137
709 585 13.7470666667
711 588 13.7804333333
725 613 13.8138
729 619 13.8471666667
735 627 13.8805333333
752 644 13.9139
770 662 13.9472666667
780 669 13.9806333333
785 674 14.014
786 678 14.0473666667
787 680 14.0807333333
788 683 14.1141
789 686 14.1474666667
789 688 14.1808333333
791 690 14.2142
793 692 14.2475666667
806 697 14.2809333333
808 700 14.3143
814 704 14.3476666667
817 706 14.3810333333
819 707 14.4144
821 707 14.4477666667
822 708 14.4811333333
822 709 14.5145
823 709 14.5478666667
823 710 14.5812333333
823 712 14.6146
822 713 14.6479666667
823 714 14.6813333333
821 715 14.7147
821 716 14.7480666667
824 718 14.7814333333
845 726 14.8148
850 729 14.8481666667
856 731 14.8815333333
858 733 14.9149
860 734 14.9482666667
879 737 14.9816333333
896 740 15.015
923 742 15.0483666667
955 738 15.0817333333
969 735 15.1151
975 735 15.1484666667
980 735 15.1818333333
982 736 15.2152
986 737 15.2485666667
989 738 15.2819333333
1008 736 15.3153
1014 736 15.3486666667
1055 735 15.3820333333
1079 732 15.4154
1091 730 15.4487666667
1097 727 15.4821333333
1099 725 15.5155
1100 724 15.5488666667
1101 724 15.5822333333
1102 725 15.6156
1102 724 15.6489666667
1101 725 15.6823333333
1125 714 15.7157
1140 707 15.7490666667
1167 677 15.7824333333
1181 655 15.8158
1210 610 15.8491666667
1219 593 15.8825333333
1224 585 15.9159
1228 581 15.9492666667
1231 577 15.9826333333
1233 575 16.016
1236 572 16.0493666667
1249 547 16.0827333333
1257 534 16.1161
1281 492 16.1494666667
1292 457 16.1828333333
1294 427 16.2162
1291 417 16.2495666667
1287 412 16.2829333333
1284 410 16.3163
1280 409 16.3496666667
1279 410 16.3830333333
1276 410 16.4164
1275 409 16.4497666667
1280 396 16.4831333333
1283 388 16.5165
1274 363 16.5498666667
1262 337 16.5832333333
1253 323 16.6166
1251 318 16.6499666667
1249 314 16.6833333333
1250 311 16.7167
1249 308 16.7500666667
1250 305 16.7834333333
1249 301 16.8168
1242 286 16.8501666667
1238 277 16.8835333333
1214 234 16.9169
1203 221 16.9502666667
1198 214 16.9836333333
1184 198 17.017
1166 181 17.0503666667
1129 147 17.0837333333
1110 133 17.1171
1098 126 17.1504666667
1093 123 17.1838333333
1089 121 17.2172
1085 120 17.2505666667
1084 118 17.2839333333
1082 117 17.3173
1080 116 17.3506666667
1051 103 17.3840333333
1034 97 17.4174
988 88 17.4507666667
970 86 17.4841333333
961 86 17.5175
957 86 17.5508666667
953 86 17.5842333333
951 86 17.6176
949 86 17.6509666667
948 86 17.6843333333
948 86 17.7177
947 86 17.7510666667
947 86 17.7844333333
928 86 17.8178
906 93 17.8511666667
880 102 17.8845333333
861 115 17.9179
849 124 17.9512666667
846 129 17.9846333333
845 133 18.018
819 156 18.0513666667
810 165 18.0847333333
784 186 18.1181
778 193 18.1514666667
774 198 18.1848333333
773 200 18.2182
772 201 18.2515666667
761 213 18.2849333333
763 214 18.3183
762 215 18.3516666667
755 217 18.3850333333
754 221 18.4184
751 222 18.4517666667
753 221 18.4851333333
752 225 18.5185
752 228 18.5518666667
743 241 18.5852333333
740 248 18.6186
735 259 18.6519666667
737 269 18.6853333333
739 273 18.7187
742 277 18.7520666667
744 278 18.7854333333
746 280 18.8188
739 291 18.8521666667
737 297 18.8855333333
734 303 18.9189
730 313 18.9522666667
736 319 18.9856333333
736 331 19.019
739 329 19.0523666667
742 334 19.0857333333
746 347 19.1191
750 349 19.1524666667
740 375 19.1858333333
737 386 19.2192
736 392 19.2525666667
729 400 19.2859333333
718 410 19.3193
716 412 19.3526666667
713 413 19.3860333333
699 411 19.4194
698 413 19.4527666667
697 413 19.4861333333
695 411 19.5195
695 415 19.5528666667
709 408 19.5862333333
720 407 19.6196
749 402 19.6529666667
760 403 19.6863333333
771 401 19.7197
804 395 19.7530666667
821 392 19.7864333333
831 390 19.8198
867 386 19.8531666667
890 385 19.8865333333
905 383 19.9199
913 381 19.9532666667
957 381 19.9866333333
974 380 20.02
1023 379 20.0533666667
1050 377 20.0867333333
1080 377 20.1201
1116 376 20.1534666667
1140 379 20.1868333333
1165 380 20.2202
1174 382 20.2535666667
1179 387 20.2869333333
1186 389 20.3203
1178 399 20.3536666667
1178 406 20.3870333333
1176 415 20.4204
1176 421 20.4537666667
1154 436 20.4871333333
1142 449 20.5205
1135 456 20.5538666667
1106 468 20.5872333333
1092 476 20.6206
1056 478 20.6539666667
1052 477 20.6873333333
1050 477 20.7207
1050 477 20.7540666667
1050 476 20.7874333333
1050 477 20.8208
1049 477 20.8541666667
1049 477 20.8875333333
1050 477 20.9209
1050 476 20.9542666667
1050 476 20.9876333333
1050 476 21.021
1050 476 21.0543666667
1050 476 21.0877333333
1050 476 21.1211
1050 476 21.1544666667
1050 476 21.1878333333
1050 476 21.2212
1050 476 21.2545666667
1050 477 21.2879333333
1051 477 21.3213
1050 478 21.3546666667
1051 479 21.3880333333
1051 479 21.4214
1052 479 21.4547666667
1052 479 21.4881333333
1052 480 21.5215
1052 480 21.5548666667
1052 480 21.5882333333
1052 480 21.6216
1052 480 21.6549666667
1052 480 21.6883333333
1051 480 21.7217
1051 480 21.7550666667
1052 480 21.7884333333
1051 480 21.8218
1049 477 21.8551666667
1047 475 21.8885333333
1043 471 21.9219
1041 469 21.9552666667
1033 461 21.9886333333
1029 457 22.022
1030 456 22.0553666667
1028 456 22.0887333333
1028 455 22.1221
1029 455 22.1554666667
1029 455 22.1888333333
1029 454 22.2222
1029 454 22.2555666667
1029 454 22.2889333333
1029 454 22.3223
1029 454 22.3556666667
1029 454 22.3890333333
1029 453 22.4224
1029 453 22.4557666667
1029 453 22.4891333333
1030 452 22.5225
1029 451 22.5558666667
1029 452 22.5892333333
1029 452 22.6226
1029 452 22.6559666667
1029 452 22.6893333333
1029 452 22.7227
1029 453 22.7560666667
1029 453 22.7894333333
1030 454 22.8228
1031 454 22.8561666667
1031 455 22.8895333333
1031 455 22.9229
1030 455 22.9562666667
1031 455 22.9896333333
1031 455 23.023
1031 456 23.0563666667
1031 456 23.0897333333
1031 455 23.1231
1032 456 23.1564666667
1032 455 23.1898333333
1033 455 23.2232
1033 453 23.2565666667
1034 453 23.2899333333
1033 453 23.3233
1034 453 23.3566666667
1033 454 23.3900333333
1035 454 23.4234
1035 454 23.4567666667
1035 454 23.4901333333
1035 454 23.5235
1035 455 23.5568666667
1034 454 23.5902333333
1034 455 23.6236
1034 455 23.6569666667
1034 455 23.6903333333
1033 455 23.7237
1033 456 23.7570666667
1033 456 23.7904333333
1032 456 23.8238
1033 455 23.8571666667
1034 456 23.8905333333
1034 456 23.9239
1034 455 23.9572666667
1034 455 23.9906333333
1034 456 24.024
1035 455 24.0573666667
1034 455 24.0907333333
1035 455 24.1241
1035 454 24.1574666667
1035 454 24.1908333333
1036 454 24.2242
1036 453 24.2575666667
1036 453 24.2909333333
1036 454 24.3243
1035 452 24.3576666667
1026 443 24.3910333333
1023 441 24.4244
1021 441 24.4577666667
1018 442 24.4911333333
1012 441 24.5245
985 437 24.5578666667
981 438 24.5912333333
980 438 24.6246
980 438 24.6579666667
980 438 24.6913333333
980 438 24.7247
979 438 24.7580666667
980 439 24.7914333333
981 439 24.8248
981 439 24.8581666667
982 439 24.8915333333
982 440 24.9249
981 442 24.9582666667
981 443 24.9916333333
980 443 25.025
981 443 25.0583666667
980 443 25.0917333333
980 443 25.1251
980 442 25.1584666667
979 441 25.1918333333
979 440 25.2252
980 440 25.2585666667
979 439 25.2919333333
979 439 25.3253
979 438 25.3586666667
980 438 25.3920333333
979 439 25.4254
979 439 25.4587666667
979 439 25.4921333333
979 439 25.5255
979 439 25.5588666667
978 439 25.5922333333
978 439 25.6256
978 439 25.6589666667
978 439 25.6923333333
978 439 25.7257
977 439 25.7590666667
977 439 25.7924333333
976 439 25.8258
976 438 25.8591666667
976 438 25.8925333333
975 438 25.9259
975 438 25.9592666667
975 438 25.9926333333
976 438 26.026
975 437 26.0593666667
976 437 26.0927333333
975 439 26.1261
976 439 26.1594666667
976 439 26.1928333333
977 439 26.2262
977 439 26.2595666667
978 439 26.2929333333
978 438 26.3263
979 437 26.3596666667
979 437 26.3930333333
979 437 26.4264
980 438 26.4597666667
980 439 26.4931333333
981 440 26.5265
981 441 26.5598666667
981 441 26.5932333333
981 441 26.6266
980 441 26.6599666667
980 441 26.6933333333
979 440 26.7267
979 441 26.7600666667
979 441 26.7934333333
978 442 26.8268
978 443 26.8601666667
970 446 26.8935333333
968 446 26.9269
968 445 26.9602666667
968 445 26.9936333333
967 445 27.027
967 445 27.0603666667
967 444 27.0937333333
967 444 27.1271
968 443 27.1604666667
968 442 27.1938333333
969 441 27.2272
969 440 27.2605666667
969 440 27.2939333333
969 440 27.3273
969 439 27.3606666667
969 440 27.3940333333
968 439 27.4274
968 439 27.4607666667
968 439 27.4941333333
968 439 27.5275
968 439 27.5608666667
967 440 27.5942333333
967 441 27.6276
967 442 27.6609666667
967 442 27.6943333333
967 441 27.7277
968 442 27.7610666667
968 442 27.7944333333
968 442 27.8278
969 442 27.8611666667
963 448 27.8945333333
956 454 27.9279
931 471 27.9612666667
907 483 27.9946333333
879 500 28.028
862 510 28.0613666667
856 513 28.0947333333
853 515 28.1281
851 516 28.1614666667
850 517 28.1948333333
850 516 28.2282
850 516 28.2615666667
850 517 28.2949333333
850 516 28.3283
850 517 28.3616666667
849 517 28.3950333333
849 517 28.4284
848 517 28.4617666667
848 517 28.4951333333
847 518 28.5285
847 518 28.5618666667
847 518 28.5952333333
847 519 28.6286
846 519 28.6619666667
846 519 28.6953333333
845 519 28.7287
845 519 28.7620666667
845 519 28.7954333333
846 519 28.8288
847 519 28.8621666667
845 520 28.8955333333
843 521 28.9289
840 522 28.9622666667
839 522 28.9956333333
839 521 29.029
839 521 29.0623666667
839 522 29.0957333333
840 522 29.1291
840 522 29.1624666667
839 522 29.1958333333
840 522 29.2292
840 522 29.2625666667
840 522 29.2959333333
841 522 29.3293
841 523 29.3626666667
841 523 29.3960333333
841 523 29.4294
842 523 29.4627666667
842 524 29.4961333333
835 533 29.5295
831 540 29.5628666667
811 576 29.5962333333
801 601 29.6296
791 631 29.6629666667
789 636 29.6963333333
788 639 29.7297
788 641 29.7630666667
788 643 29.7964333333
786 654 29.8298
781 671 29.8631666667
781 673 29.8965333333
780 674 29.9299
780 674 29.9632666667
781 674 29.9966333333
780 674 30.03
780 674 30.0633666667
780 674 30.0967333333
781 673 30.1301
782 672 30.1634666667
782 672 30.1968333333
783 672 30.2302
783 671 30.2635666667
784 671 30.2969333333
784 671 30.3303
784 670 30.3636666667
784 671 30.3970333333
784 670 30.4304
785 671 30.4637666667
784 670 30.4971333333
784 671 30.5305
784 672 30.5638666667
783 673 30.5972333333
783 672 30.6306
782 672 30.6639666667
782 672 30.6973333333
782 672 30.7307
782 673 30.7640666667
782 672 30.7974333333
782 673 30.8308
782 673 30.8641666667
782 673 30.8975333333
782 673 30.9309
783 673 30.9642666667
783 673 30.9976333333
783 674 31.031
783 674 31.0643666667
782 674 31.0977333333
782 674 31.1311
782 675 31.1644666667
780 675 31.1978333333
777 677 31.2312
771 673 31.2645666667
766 665 31.2979333333
765 655 31.3313
755 644 31.3646666667
749 629 31.3980333333
742 604 31.4314
733 589 31.4647666667
715 566 31.4981333333
711 555 31.5315
697 518 31.5648666667
698 506 31.5982333333
697 468 31.6316
702 451 31.6649666667
709 408 31.6983333333
713 387 31.7317
716 372 31.7650666667
724 343 31.7984333333
731 322 31.8318
735 311 31.8651666667
748 277 31.8985333333
753 264 31.9319
755 255 31.9652666667
758 252 31.9986333333
759 249 32.032
760 248 32.0653666667
767 230 32.0987333333
774 214 32.1321
781 199 32.1654666667
798 167 32.1988333333
803 159 32.2322
807 154 32.2655666667
809 153 32.2989333333
811 151 32.3323
811 150 32.3656666667
811 150 32.3990333333
812 150 32.4324
811 150 32.4657666667
811 151 32.4991333333
811 151 32.5325
811 152 32.5658666667
810 152 32.5992333333
811 152 32.6326
811 151 32.6659666667
812 151 32.6993333333
812 152 32.7327
813 152 32.7660666667
813 152 32.7994333333
814 153 32.8328
814 153 32.8661666667
814 152 32.8995333333
814 153 32.9329
814 152 32.9662666667
814 152 32.9996333333
814 151 33.033
814 151 33.0663666667
813 151 33.0997333333
813 152 33.1331
814 152 33.1664666667
814 152 33.1998333333
814 153 33.2332
813 153 33.2665666667
813 154 33.2999333333
814 153 33.3333
815 152 33.3666666667
815 151 33.4000333333
815 150 33.4334
816 149 33.4667666667
816 149 33.5001333333
816 148 33.5335
816 148 33.5668666667
817 146 33.6002333333
817 146 33.6336
817 147 33.6669666667
817 146 33.7003333333
817 146 33.7337
816 147 33.7670666667
817 147 33.8004333333
816 147 33.8338
815 148 33.8671666667
815 148 33.9005333333
815 149 33.9339
814 148 33.9672666667
815 148 34.0006333333
816 148 34.034
830 143 34.0673666667
837 138 34.1007333333
892 106 34.1341
916 98 34.1674666667
943 86 34.2008333333
984 76 34.2342
997 74 34.2675666667
1003 75 34.3009333333
1006 75 34.3343
1006 76 34.3676666667
1006 76 34.4010333333
1006 77 34.4344
1006 77 34.4677666667
1007 77 34.5011333333
1006 77 34.5345
1012 76 34.5678666667
1036 75 34.6012333333
1058 85 34.6346
1084 104 34.6679666667
1118 130 34.7013333333
1138 152 34.7347
1169 188 34.7680666667
1183 205 34.8014333333
1207 241 34.8348
1217 259 34.8681666667
1237 302 34.9015333333
1241 316 34.9349
1258 356 34.9682666667
1261 367 35.0016333333
1263 373 35.035
1262 377 35.0683666667
1274 404 35.1017333333
1282 424 35.1351
1285 432 35.1684666667
1293 460 35.2018333333
1298 476 35.2352
1299 490 35.2685666667
1301 526 35.3019333333
1299 536 35.3353
1297 540 35.3686666667
1295 548 35.4020333333
1294 551 35.4354
1294 554 35.4687666667
1293 556 35.5021333333
1293 556 35.5355
1293 556 35.5688666667
1294 556 35.6022333333
1294 555 35.6356
1294 555 35.6689666667
1295 554 35.7023333333
1296 552 35.7357
1297 552 35.7690666667
1297 552 35.8024333333
1298 551 35.8358
1298 551 35.8691666667
1298 550 35.9025333333
1299 550 35.9359
1299 550 35.9692666667
1299 551 36.0026333333
1298 551 36.036
1297 552 36.0693666667
1297 553 36.1027333333
1296 553 36.1361
1291 563 36.1694666667
1288 566 36.2028333333
1285 569 36.2362
1270 582 36.2695666667
1262 588 36.3029333333
1260 589 36.3363
1260 590 36.3696666667
1260 590 36.4030333333
1260 589 36.4364
1261 589 36.4697666667
1261 589 36.5031333333
1262 588 36.5365
1262 587 36.5698666667
1263 587 36.6032333333
1263 587 36.6366
1262 587 36.6699666667
1263 586 36.7033333333
1262 587 36.7367
1261 587 36.7700666667
1261 587 36.8034333333
1260 587 36.8368
1260 587 36.8701666667
1259 588 36.9035333333
1259 588 36.9369
1259 589 36.9702666667
1258 589 37.0036333333
1258 589 37.037
1259 589 37.0703666667
1259 589 37.1037333333
1259 589 37.1371
1259 589 37.1704666667
1259 589 37.2038333333
1259 589 37.2372
1260 589 37.2705666667
1260 591 37.3039333333
1259 591 37.3373
1259 592 37.3706666667
1258 592 37.4040333333
1258 593 37.4374
1258 593 37.4707666667
1258 593 37.5041333333
1258 593 37.5375
1257 594 37.5708666667
1257 594 37.6042333333
1257 595 37.6376
1257 594 37.6709666667
1257 594 37.7043333333
1257 594 37.7377
1257 594 37.7710666667
1257 594 37.8044333333
1257 594 37.8378
1257 594 37.8711666667
1257 594 37.9045333333
1257 594 37.9379
1258 594 37.9712666667
1258 594 38.0046333333
1258 594 38.038
1258 594 38.0713666667
1258 595 38.1047333333
1258 594 38.1381
1258 595 38.1714666667
1258 595 38.2048333333
1252 602 38.2382
1249 608 38.2715666667
1223 628 38.3049333333
1214 635 38.3383
1205 642 38.3716666667
1183 656 38.4050333333
1179 659 38.4384
1178 658 38.4717666667
1178 658 38.5051333333
